+-------+-----+-------+------+------+-----+--------+-----------------------------------------------------+-------+-------+---------+-------+-------+-------+-------+--------+-----------+------------+---------------+------------+
| COUNT | 1XX |  2XX  | 3XX  | 4XX  | 5XX | METHOD |                         URI                         |  MIN  |  MAX  |   SUM   |  AVG  |  P90  |  P95  |  P99  | STDDEV | MIN(BODY) | MAX(BODY)  |   SUM(BODY)   | AVG(BODY)  |
+-------+-----+-------+------+------+-----+--------+-----------------------------------------------------+-------+-------+---------+-------+-------+-------+-------+--------+-----------+------------+---------------+------------+
| 77762 | 0   | 74502 | 0    | 3260 | 0   | POST   | /api/condition/[0-9a-f\-]{36}$                      | 0.008 | 0.108 | 702.192 | 0.009 | 0.036 | 0.084 | 0.100 | 0.024  | 0.000     | 14.000     | 84.000        | 0.001      |
| 28494 | 0   | 28244 | 0    | 250  | 0   | GET    | /api/isu/[0-9a-f\-]{36}/icon$                       | 0.004 | 0.484 | 323.492 | 0.011 | 0.024 | 0.032 | 0.072 | 0.015  | 0.000     | 135259.000 | 785419052.000 | 27564.366  |
| 1992  | 0   | 1947  | 0    | 45   | 0   | GET    | /api/trend                                          | 0.004 | 1.004 | 233.120 | 0.117 | 0.440 | 0.648 | 1.000 | 0.228  | 0.000     | 8563.000   | 15827566.000  | 7945.565   |
| 7576  | 0   | 7021  | 0    | 555  | 0   | GET    | /api/condition/[0-9a-f\-]{36}$                      | 0.008 | 0.476 | 141.472 | 0.019 | 0.040 | 0.056 | 0.112 | 0.024  | 0.000     | 7243.000   | 34830262.000  | 4597.447   |
| 4273  | 0   | 4193  | 0    | 80   | 0   | GET    | /api/isu                                            | 0.048 | 0.380 | 89.288  | 0.021 | 0.036 | 0.048 | 0.084 | 0.019  | 3.000     | 4623.000   | 12033787.000  | 2816.238   |
| 3693  | 0   | 3295  | 0    | 398  | 0   | GET    | /api/isu/[0-9a-f\-]{36}/graph$                      | 0.004 | 0.400 | 69.048  | 0.019 | 0.036 | 0.052 | 0.100 | 0.023  | 0.000     | 7558.000   | 15651048.000  | 4238.031   |
| 4239  | 0   | 4000  | 0    | 239  | 0   | GET    | /api/isu/[0-9a-f\-]{36}$                            | 0.016 | 0.312 | 41.076  | 0.010 | 0.020 | 0.032 | 0.064 | 0.016  | 0.000     | 157.000    | 556862.000    | 131.366    |
| 1654  | 0   | 1014  | 0    | 640  | 0   | POST   | /api/auth                                           | 0.004 | 0.152 | 9.644   | 0.006 | 0.012 | 0.016 | 0.048 | 0.009  | 0.000     | 19.000     | 7360.000      | 4.450      |
| 1616  | 0   | 774   | 0    | 842  | 0   | GET    | /api/user/me                                        | 0.000 | 0.204 | 5.932   | 0.004 | 0.008 | 0.012 | 0.032 | 0.008  | 21.000    | 45.000     | 47968.000     | 29.683     |
| 2109  | 0   | 812   | 1297 | 0    | 0   | GET    | /assets/vendor.ee7444dd.js                          | 0.000 | 0.020 | 5.384   | 0.003 | 0.004 | 0.008 | 0.012 | 0.003  | 0.000     | 743417.000 | 603654604.000 | 286227.882 |
| 847   | 0   | 764   | 0    | 83   | 0   | POST   | /api/signout                                        | 0.000 | 0.092 | 4.452   | 0.005 | 0.012 | 0.016 | 0.048 | 0.008  | 0.000     | 21.000     | 1722.000      | 2.033      |
| 2851  | 0   | 1590  | 1261 | 0    | 0   | GET    | /                                                   | 0.000 | 0.016 | 4.124   | 0.001 | 0.004 | 0.004 | 0.008 | 0.002  | 0.000     | 528.000    | 839520.000    | 294.465    |
| 2109  | 0   | 813   | 1296 | 0    | 0   | GET    | /assets/favicon.d0f5f504.svg                        | 0.000 | 0.016 | 4.104   | 0.002 | 0.004 | 0.004 | 0.008 | 0.002  | 0.000     | 592.000    | 481296.000    | 228.211    |
| 2109  | 0   | 818   | 1291 | 0    | 0   | GET    | /assets/index.23dac98b.js                           | 0.000 | 0.020 | 3.948   | 0.002 | 0.004 | 0.004 | 0.008 | 0.002  | 0.000     | 26667.000  | 21813606.000  | 10343.104  |
| 2109  | 0   | 810   | 1299 | 0    | 0   | GET    | /assets/index.144d8ca8.css                          | 0.000 | 0.016 | 3.748   | 0.002 | 0.004 | 0.004 | 0.008 | 0.002  | 0.000     | 19066.000  | 15443460.000  | 7322.646   |
| 1994  | 0   | 813   | 1181 | 0    | 0   | GET    | /assets/logo_orange.svg                             | 0.000 | 0.020 | 3.660   | 0.002 | 0.004 | 0.004 | 0.008 | 0.002  | 3288.000  | 3288.000   | 2673144.000   | 1340.594   |
| 2109  | 0   | 816   | 1293 | 0    | 0   | GET    | /assets/logo_white.svg                              | 0.000 | 0.012 | 3.608   | 0.002 | 0.004 | 0.004 | 0.008 | 0.002  | 0.000     | 3285.000   | 2680560.000   | 1271.010   |
| 60    | 0   | 56    | 0    | 4    | 0   | POST   | /api/isu                                            | 0.004 | 0.108 | 3.588   | 0.060 | 0.076 | 0.080 | 0.108 | 0.018  | 15.000    | 157.000    | 7804.000      | 130.067    |
| 1     | 0   | 1     | 0    | 0    | 0   | POST   | /initialize                                         | 0.252 | 0.252 | 0.252   | 0.252 | 0.252 | 0.252 | 0.252 | 0.000  | 23.000    | 23.000     | 23.000        | 23.000     |
| 3     | 0   | 1     | 2    | 0    | 0   | GET    | /isu/15063e10-26fc-4dac-ae3a-1f195e0c6c4a/condition | 0.004 | 0.004 | 0.008   | 0.003 | 0.004 | 0.004 | 0.004 | 0.002  | 0.000     | 528.000    | 528.000       | 176.000    |
| 1     | 0   | 1     | 0    | 0    | 0   | GET    | /isu/15063e10-26fc-4dac-ae3a-1f195e0c6c4a           | 0.004 | 0.004 | 0.004   | 0.004 | 0.004 | 0.004 | 0.004 | 0.000  | 528.000   | 528.000    | 528.000       | 528.000    |
| 3     | 0   | 1     | 2    | 0    | 0   | GET    | /isu/c648b087-fe00-4ea2-a524-b2e80555893f/condition | 0.000 | 0.004 | 0.004   | 0.001 | 0.004 | 0.004 | 0.004 | 0.002  | 0.000     | 528.000    | 528.000       | 176.000    |
| 3     | 0   | 1     | 2    | 0    | 0   | GET    | /isu/8fb74e6e-4f8d-4a33-9862-dbcdc0712c7e/condition | 0.000 | 0.004 | 0.004   | 0.001 | 0.004 | 0.004 | 0.004 | 0.002  | 0.000     | 528.000    | 528.000       | 176.000    |
| 1     | 0   | 1     | 0    | 0    | 0   | GET    | /isu/8fb74e6e-4f8d-4a33-9862-dbcdc0712c7e/graph     | 0.000 | 0.000 | 0.000   | 0.000 | 0.000 | 0.000 | 0.000 | 0.000  | 528.000   | 528.000    | 528.000       | 528.000    |
| 3     | 0   | 2     | 1    | 0    | 0   | GET    | /isu/eb104b95-3532-4828-8550-89da717b9667/condition | 0.000 | 0.000 | 0.000   | 0.000 | 0.000 | 0.000 | 0.000 | 0.000  | 0.000     | 528.000    | 1056.000      | 352.000    |
| 1     | 0   | 1     | 0    | 0    | 0   | GET    | /isu/b82dcff4-8fae-4773-9956-22ab354adb7e           | 0.000 | 0.000 | 0.000   | 0.000 | 0.000 | 0.000 | 0.000 | 0.000  | 528.000   | 528.000    | 528.000       | 528.000    |
| 1     | 0   | 1     | 0    | 0    | 0   | GET    | /isu/b82dcff4-8fae-4773-9956-22ab354adb7e/graph     | 0.000 | 0.000 | 0.000   | 0.000 | 0.000 | 0.000 | 0.000 | 0.000  | 528.000   | 528.000    | 528.000       | 528.000    |
| 3     | 0   | 1     | 2    | 0    | 0   | GET    | /isu/b82dcff4-8fae-4773-9956-22ab354adb7e/condition | 0.000 | 0.000 | 0.000   | 0.000 | 0.000 | 0.000 | 0.000 | 0.000  | 0.000     | 528.000    | 528.000       | 176.000    |
| 1     | 0   | 1     | 0    | 0    | 0   | GET    | /isu/eb104b95-3532-4828-8550-89da717b9667           | 0.000 | 0.000 | 0.000   | 0.000 | 0.000 | 0.000 | 0.000 | 0.000  | 528.000   | 528.000    | 528.000       | 528.000    |
| 1     | 0   | 1     | 0    | 0    | 0   | GET    | /isu/eb104b95-3532-4828-8550-89da717b9667/graph     | 0.000 | 0.000 | 0.000   | 0.000 | 0.000 | 0.000 | 0.000 | 0.000  | 528.000   | 528.000    | 528.000       | 528.000    |
| 1     | 0   | 1     | 0    | 0    | 0   | GET    | /isu/8fb74e6e-4f8d-4a33-9862-dbcdc0712c7e           | 0.000 | 0.000 | 0.000   | 0.000 | 0.000 | 0.000 | 0.000 | 0.000  | 528.000   | 528.000    | 528.000       | 528.000    |
| 3     | 0   | 1     | 2    | 0    | 0   | GET    | /isu/8469e6f6-0d29-4052-87cf-dd9bfde45014/condition | 0.000 | 0.000 | 0.000   | 0.000 | 0.000 | 0.000 | 0.000 | 0.000  | 0.000     | 528.000    | 528.000       | 176.000    |
| 1     | 0   | 1     | 0    | 0    | 0   | GET    | /isu/c648b087-fe00-4ea2-a524-b2e80555893f           | 0.000 | 0.000 | 0.000   | 0.000 | 0.000 | 0.000 | 0.000 | 0.000  | 528.000   | 528.000    | 528.000       | 528.000    |
| 1     | 0   | 1     | 0    | 0    | 0   | GET    | /isu/c648b087-fe00-4ea2-a524-b2e80555893f/graph     | 0.000 | 0.000 | 0.000   | 0.000 | 0.000 | 0.000 | 0.000 | 0.000  | 528.000   | 528.000    | 528.000       | 528.000    |
| 1     | 0   | 1     | 0    | 0    | 0   | GET    | /isu/8469e6f6-0d29-4052-87cf-dd9bfde45014/graph     | 0.000 | 0.000 | 0.000   | 0.000 | 0.000 | 0.000 | 0.000 | 0.000  | 528.000   | 528.000    | 528.000       | 528.000    |
| 1     | 0   | 1     | 0    | 0    | 0   | GET    | /isu/8469e6f6-0d29-4052-87cf-dd9bfde45014           | 0.000 | 0.000 | 0.000   | 0.000 | 0.000 | 0.000 | 0.000 | 0.000  | 528.000   | 528.000    | 528.000       | 528.000    |
| 3     | 0   | 1     | 2    | 0    | 0   | GET    | /register                                           | 0.000 | 0.000 | 0.000   | 0.000 | 0.000 | 0.000 | 0.000 | 0.000  | 0.000     | 528.000    | 528.000       | 176.000    |
| 1     | 0   | 1     | 0    | 0    | 0   | GET    | /isu/15063e10-26fc-4dac-ae3a-1f195e0c6c4a/graph     | 0.000 | 0.000 | 0.000   | 0.000 | 0.000 | 0.000 | 0.000 | 0.000  | 528.000   | 528.000    | 528.000       | 528.000    |
+-------+-----+-------+------+------+-----+--------+-----------------------------------------------------+-------+-------+---------+-------+-------+-------+-------+--------+-----------+------------+---------------+------------+
