+--------+-----+--------+-------+-----+-----+--------+-----------------------------------------------------+-------+-------+----------+-------+-------+-------+-------+--------+------------+------------+---------------+------------+
| COUNT  | 1XX |  2XX   |  3XX  | 4XX | 5XX | METHOD |                         URI                         |  MIN  |  MAX  |   SUM    |  AVG  |  P90  |  P95  |  P99  | STDDEV | MIN(BODY)  | MAX(BODY)  |   SUM(BODY)   | AVG(BODY)  |
+--------+-----+--------+-------+-----+-----+--------+-----------------------------------------------------+-------+-------+----------+-------+-------+-------+-------+--------+------------+------------+---------------+------------+
| 131377 | 0   | 130467 | 0     | 910 | 0   | POST   | /api/condition/[0-9a-f\-]{36}$                      | 0.004 | 0.152 | 1266.536 | 0.010 | 0.020 | 0.032 | 0.084 | 0.014  | 0.000      | 14.000     | 154.000       | 0.001      |
| 16137  | 0   | 16106  | 0     | 31  | 0   | GET    | /api/trend                                          | 0.004 | 1.000 | 1196.872 | 0.074 | 0.208 | 0.332 | 0.576 | 0.115  | 0.000      | 15311.000  | 172516534.000 | 10690.744  |
| 26613  | 0   | 26422  | 0     | 191 | 0   | GET    | /api/isu/[0-9a-f\-]{36}/icon$                       | 0.004 | 0.464 | 532.272  | 0.020 | 0.040 | 0.060 | 0.112 | 0.023  | 0.000      | 135259.000 | 701963320.000 | 26376.708  |
| 8841   | 0   | 8403   | 0     | 438 | 0   | GET    | /api/condition/[0-9a-f\-]{36}$                      | 0.004 | 0.596 | 318.256  | 0.036 | 0.092 | 0.128 | 0.232 | 0.048  | 0.000      | 7183.000   | 43384673.000  | 4907.213   |
| 4217   | 0   | 4154   | 0     | 63  | 0   | GET    | /api/isu                                            | 0.004 | 0.408 | 139.556  | 0.033 | 0.072 | 0.100 | 0.172 | 0.035  | 0.000      | 10000.000  | 11130786.000  | 2639.503   |
| 16981  | 0   | 1666   | 15315 | 0   | 0   | GET    | /                                                   | 0.004 | 0.068 | 109.412  | 0.006 | 0.016 | 0.020 | 0.028 | 0.007  | 0.000      | 528.000    | 879648.000    | 51.802     |
| 3040   | 0   | 2731   | 0     | 309 | 0   | GET    | /api/isu/[0-9a-f\-]{36}/graph$                      | 0.008 | 0.376 | 91.052   | 0.030 | 0.072 | 0.100 | 0.164 | 0.034  | 0.000      | 8223.000   | 12654101.000  | 4162.533   |
| 4175   | 0   | 3992   | 0     | 183 | 0   | GET    | /api/isu/[0-9a-f\-]{36}$                            | 0.012 | 0.480 | 78.648   | 0.019 | 0.048 | 0.072 | 0.140 | 0.030  | 14.000     | 160.000    | 551932.000    | 132.199    |
| 1457   | 0   | 960    | 0     | 497 | 0   | POST   | /api/auth                                           | 0.004 | 0.204 | 16.300   | 0.011 | 0.024 | 0.032 | 0.076 | 0.015  | 0.000      | 19.000     | 5704.000      | 3.915      |
| 153    | 0   | 149    | 0     | 4   | 0   | POST   | /api/isu                                            | 0.052 | 0.232 | 13.408   | 0.088 | 0.144 | 0.176 | 0.220 | 0.041  | 15.000     | 160.000    | 20672.000     | 135.111    |
| 1581   | 0   | 775    | 0     | 806 | 0   | GET    | /api/user/me                                        | 0.004 | 0.132 | 12.632   | 0.008 | 0.020 | 0.032 | 0.068 | 0.013  | 21.000     | 44.000     | 46327.000     | 29.302     |
| 810    | 0   | 747    | 0     | 63  | 0   | POST   | /api/signout                                        | 0.020 | 0.280 | 8.884    | 0.011 | 0.028 | 0.040 | 0.060 | 0.018  | 0.000      | 21.000     | 1323.000      | 1.633      |
| 858    | 0   | 858    | 0     | 0   | 0   | GET    | /assets/vendor.ee7444dd.js                          | 0.000 | 0.038 | 0.695    | 0.001 | 0.002 | 0.005 | 0.016 | 0.003  | 743417.000 | 743417.000 | 637851786.000 | 743417.000 |
| 1      | 0   | 1      | 0     | 0   | 0   | POST   | /initialize                                         | 0.216 | 0.216 | 0.216    | 0.216 | 0.216 | 0.216 | 0.216 | 0.000  | 23.000     | 23.000     | 23.000        | 23.000     |
| 859    | 0   | 859    | 0     | 0   | 0   | GET    | /assets/favicon.d0f5f504.svg                        | 0.000 | 0.016 | 0.045    | 0.000 | 0.000 | 0.000 | 0.001 | 0.001  | 592.000    | 592.000    | 508528.000    | 592.000    |
| 859    | 0   | 859    | 0     | 0   | 0   | GET    | /assets/index.144d8ca8.css                          | 0.000 | 0.008 | 0.041    | 0.000 | 0.000 | 0.000 | 0.000 | 0.001  | 19066.000  | 19066.000  | 16377694.000  | 19066.000  |
| 858    | 0   | 858    | 0     | 0   | 0   | GET    | /assets/index.23dac98b.js                           | 0.000 | 0.006 | 0.030    | 0.000 | 0.000 | 0.000 | 0.001 | 0.000  | 26667.000  | 26667.000  | 22880286.000  | 26667.000  |
| 3      | 0   | 1      | 2     | 0   | 0   | GET    | /register                                           | 0.004 | 0.004 | 0.008    | 0.003 | 0.004 | 0.004 | 0.004 | 0.002  | 0.000      | 528.000    | 528.000       | 176.000    |
| 1      | 0   | 1      | 0     | 0   | 0   | GET    | /isu/6278f71d-a338-4c5d-8fd9-12ece77add5b/graph     | 0.004 | 0.004 | 0.004    | 0.004 | 0.004 | 0.004 | 0.004 | 0.000  | 528.000    | 528.000    | 528.000       | 528.000    |
| 3      | 0   | 1      | 2     | 0   | 0   | GET    | /isu/5a5ab5c8-85ad-4b12-8663-ca400e895307/condition | 0.000 | 0.004 | 0.004    | 0.001 | 0.004 | 0.004 | 0.004 | 0.002  | 0.000      | 528.000    | 528.000       | 176.000    |
| 1      | 0   | 1      | 0     | 0   | 0   | GET    | /isu/7d195770-8d14-4c79-946e-d7a313d3cabd/graph     | 0.004 | 0.004 | 0.004    | 0.004 | 0.004 | 0.004 | 0.004 | 0.000  | 528.000    | 528.000    | 528.000       | 528.000    |
| 3      | 0   | 1      | 2     | 0   | 0   | GET    | /isu/8fb74e6e-4f8d-4a33-9862-dbcdc0712c7e/condition | 0.000 | 0.004 | 0.004    | 0.001 | 0.004 | 0.004 | 0.004 | 0.002  | 0.000      | 528.000    | 528.000       | 176.000    |
| 3      | 0   | 1      | 2     | 0   | 0   | GET    | /isu/eb104b95-3532-4828-8550-89da717b9667/condition | 0.000 | 0.004 | 0.004    | 0.001 | 0.004 | 0.004 | 0.004 | 0.002  | 0.000      | 528.000    | 528.000       | 176.000    |
| 1      | 0   | 1      | 0     | 0   | 0   | GET    | /isu/8469e6f6-0d29-4052-87cf-dd9bfde45014/graph     | 0.004 | 0.004 | 0.004    | 0.004 | 0.004 | 0.004 | 0.004 | 0.000  | 528.000    | 528.000    | 528.000       | 528.000    |
| 3      | 0   | 1      | 2     | 0   | 0   | GET    | /isu/15063e10-26fc-4dac-ae3a-1f195e0c6c4a/condition | 0.000 | 0.004 | 0.004    | 0.001 | 0.004 | 0.004 | 0.004 | 0.002  | 0.000      | 528.000    | 528.000       | 176.000    |
| 1      | 0   | 1      | 0     | 0   | 0   | GET    | /isu/b82dcff4-8fae-4773-9956-22ab354adb7e           | 0.000 | 0.000 | 0.000    | 0.000 | 0.000 | 0.000 | 0.000 | 0.000  | 528.000    | 528.000    | 528.000       | 528.000    |
| 1      | 0   | 1      | 0     | 0   | 0   | GET    | /isu/15063e10-26fc-4dac-ae3a-1f195e0c6c4a           | 0.000 | 0.000 | 0.000    | 0.000 | 0.000 | 0.000 | 0.000 | 0.000  | 528.000    | 528.000    | 528.000       | 528.000    |
| 3      | 0   | 1      | 2     | 0   | 0   | GET    | /isu/6278f71d-a338-4c5d-8fd9-12ece77add5b/condition | 0.000 | 0.000 | 0.000    | 0.000 | 0.000 | 0.000 | 0.000 | 0.000  | 0.000      | 528.000    | 528.000       | 176.000    |
| 1      | 0   | 1      | 0     | 0   | 0   | GET    | /isu/7d195770-8d14-4c79-946e-d7a313d3cabd           | 0.000 | 0.000 | 0.000    | 0.000 | 0.000 | 0.000 | 0.000 | 0.000  | 528.000    | 528.000    | 528.000       | 528.000    |
| 1      | 0   | 1      | 0     | 0   | 0   | GET    | /isu/8fb74e6e-4f8d-4a33-9862-dbcdc0712c7e           | 0.000 | 0.000 | 0.000    | 0.000 | 0.000 | 0.000 | 0.000 | 0.000  | 528.000    | 528.000    | 528.000       | 528.000    |
| 1      | 0   | 1      | 0     | 0   | 0   | GET    | /isu/8fb74e6e-4f8d-4a33-9862-dbcdc0712c7e/graph     | 0.000 | 0.000 | 0.000    | 0.000 | 0.000 | 0.000 | 0.000 | 0.000  | 528.000    | 528.000    | 528.000       | 528.000    |
| 1      | 0   | 1      | 0     | 0   | 0   | GET    | /isu/eb104b95-3532-4828-8550-89da717b9667/graph     | 0.000 | 0.000 | 0.000    | 0.000 | 0.000 | 0.000 | 0.000 | 0.000  | 528.000    | 528.000    | 528.000       | 528.000    |
| 1      | 0   | 1      | 0     | 0   | 0   | GET    | /isu/b82dcff4-8fae-4773-9956-22ab354adb7e/graph     | 0.000 | 0.000 | 0.000    | 0.000 | 0.000 | 0.000 | 0.000 | 0.000  | 528.000    | 528.000    | 528.000       | 528.000    |
| 1      | 0   | 1      | 0     | 0   | 0   | GET    | /isu/5a5ab5c8-85ad-4b12-8663-ca400e895307           | 0.000 | 0.000 | 0.000    | 0.000 | 0.000 | 0.000 | 0.000 | 0.000  | 528.000    | 528.000    | 528.000       | 528.000    |
| 1      | 0   | 1      | 0     | 0   | 0   | GET    | /isu/5a5ab5c8-85ad-4b12-8663-ca400e895307/graph     | 0.000 | 0.000 | 0.000    | 0.000 | 0.000 | 0.000 | 0.000 | 0.000  | 528.000    | 528.000    | 528.000       | 528.000    |
| 3      | 0   | 2      | 1     | 0   | 0   | GET    | /isu/b82dcff4-8fae-4773-9956-22ab354adb7e/condition | 0.000 | 0.000 | 0.000    | 0.000 | 0.000 | 0.000 | 0.000 | 0.000  | 0.000      | 528.000    | 1056.000      | 352.000    |
| 1      | 0   | 1      | 0     | 0   | 0   | GET    | /isu/6278f71d-a338-4c5d-8fd9-12ece77add5b           | 0.000 | 0.000 | 0.000    | 0.000 | 0.000 | 0.000 | 0.000 | 0.000  | 528.000    | 528.000    | 528.000       | 528.000    |
| 1      | 0   | 0      | 0     | 1   | 0   | GET    | /favicon.ico                                        | 0.000 | 0.000 | 0.000    | 0.000 | 0.000 | 0.000 | 0.000 | 0.000  | 71.000     | 71.000     | 71.000        | 71.000     |
| 1      | 0   | 1      | 0     | 0   | 0   | GET    | /isu/8469e6f6-0d29-4052-87cf-dd9bfde45014           | 0.000 | 0.000 | 0.000    | 0.000 | 0.000 | 0.000 | 0.000 | 0.000  | 528.000    | 528.000    | 528.000       | 528.000    |
| 3      | 0   | 1      | 2     | 0   | 0   | GET    | /isu/8469e6f6-0d29-4052-87cf-dd9bfde45014/condition | 0.000 | 0.000 | 0.000    | 0.000 | 0.000 | 0.000 | 0.000 | 0.000  | 0.000      | 528.000    | 528.000       | 176.000    |
| 1      | 0   | 1      | 0     | 0   | 0   | GET    | /isu/eb104b95-3532-4828-8550-89da717b9667           | 0.000 | 0.000 | 0.000    | 0.000 | 0.000 | 0.000 | 0.000 | 0.000  | 528.000    | 528.000    | 528.000       | 528.000    |
| 3      | 0   | 2      | 1     | 0   | 0   | GET    | /isu/7d195770-8d14-4c79-946e-d7a313d3cabd/condition | 0.000 | 0.000 | 0.000    | 0.000 | 0.000 | 0.000 | 0.000 | 0.000  | 528.000    | 528.000    | 1056.000      | 352.000    |
| 1      | 0   | 1      | 0     | 0   | 0   | GET    | /isu/9dfdc081-a305-4c1f-8ea2-fc29b46f1f7d           | 0.000 | 0.000 | 0.000    | 0.000 | 0.000 | 0.000 | 0.000 | 0.000  | 528.000    | 528.000    | 528.000       | 528.000    |
| 1      | 0   | 1      | 0     | 0   | 0   | GET    | /isu/9dfdc081-a305-4c1f-8ea2-fc29b46f1f7d/graph     | 0.000 | 0.000 | 0.000    | 0.000 | 0.000 | 0.000 | 0.000 | 0.000  | 528.000    | 528.000    | 528.000       | 528.000    |
| 3      | 0   | 2      | 1     | 0   | 0   | GET    | /isu/9dfdc081-a305-4c1f-8ea2-fc29b46f1f7d/condition | 0.000 | 0.000 | 0.000    | 0.000 | 0.000 | 0.000 | 0.000 | 0.000  | 0.000      | 528.000    | 1056.000      | 352.000    |
| 1      | 0   | 1      | 0     | 0   | 0   | GET    | /isu/b14b8bad-6b89-4997-95de-27e85ed058f8           | 0.000 | 0.000 | 0.000    | 0.000 | 0.000 | 0.000 | 0.000 | 0.000  | 528.000    | 528.000    | 528.000       | 528.000    |
| 1      | 0   | 1      | 0     | 0   | 0   | GET    | /isu/b14b8bad-6b89-4997-95de-27e85ed058f8/graph     | 0.000 | 0.000 | 0.000    | 0.000 | 0.000 | 0.000 | 0.000 | 0.000  | 528.000    | 528.000    | 528.000       | 528.000    |
| 3      | 0   | 2      | 1     | 0   | 0   | GET    | /isu/b14b8bad-6b89-4997-95de-27e85ed058f8/condition | 0.000 | 0.000 | 0.000    | 0.000 | 0.000 | 0.000 | 0.000 | 0.000  | 0.000      | 528.000    | 1056.000      | 352.000    |
| 857    | 0   | 857    | 0     | 0   | 0   | GET    | /assets/logo_orange.svg                             | 0.000 | 0.000 | 0.000    | 0.000 | 0.000 | 0.000 | 0.000 | 0.000  | 3288.000   | 3288.000   | 2817816.000   | 3288.000   |
| 858    | 0   | 858    | 0     | 0   | 0   | GET    | /assets/logo_white.svg                              | 0.000 | 0.000 | 0.000    | 0.000 | 0.000 | 0.000 | 0.000 | 0.000  | 3285.000   | 3285.000   | 2818530.000   | 3285.000   |
| 1      | 0   | 1      | 0     | 0   | 0   | GET    | /isu/15063e10-26fc-4dac-ae3a-1f195e0c6c4a/graph     | 0.000 | 0.000 | 0.000    | 0.000 | 0.000 | 0.000 | 0.000 | 0.000  | 528.000    | 528.000    | 528.000       | 528.000    |
+--------+-----+--------+-------+-----+-----+--------+-----------------------------------------------------+-------+-------+----------+-------+-------+-------+-------+--------+------------+------------+---------------+------------+
