+-------+-----+-------+-----+------+-----+--------+-----------------------------------------------------+-------+-------+---------+-------+-------+-------+-------+--------+-----------+------------+--------------+------------+
| COUNT | 1XX |  2XX  | 3XX | 4XX  | 5XX | METHOD |                         URI                         |  MIN  |  MAX  |   SUM   |  AVG  |  P90  |  P95  |  P99  | STDDEV | MIN(BODY) | MAX(BODY)  |  SUM(BODY)   | AVG(BODY)  |
+-------+-----+-------+-----+------+-----+--------+-----------------------------------------------------+-------+-------+---------+-------+-------+-------+-------+--------+-----------+------------+--------------+------------+
| 73375 | 0   | 71277 | 0   | 2098 | 0   | POST   | /api/condition/[0-9a-f\-]{36}$                      | 0.024 | 0.116 | 457.208 | 0.006 | 0.008 | 0.048 | 0.100 | 0.020  | 0.000     | 14.000     | 98.000       | 0.001      |
| 416   | 0   | 284   | 0   | 132  | 0   | GET    | /api/isu                                            | 0.400 | 1.004 | 168.612 | 0.405 | 1.000 | 1.000 | 1.004 | 0.390  | 0.000     | 10000.000  | 772978.000   | 1858.120   |
| 1287  | 0   | 1052  | 0   | 235  | 0   | GET    | /api/condition/[0-9a-f\-]{36}$                      | 0.012 | 1.004 | 165.564 | 0.129 | 0.256 | 0.308 | 0.764 | 0.129  | 0.000     | 7183.000   | 5730417.000  | 4452.538   |
| 1973  | 0   | 1863  | 0   | 110  | 0   | GET    | /api/isu/[0-9a-f\-]{36}/icon$                       | 0.080 | 1.000 | 111.944 | 0.057 | 0.108 | 0.160 | 0.540 | 0.103  | 0.000     | 135259.000 | 47293627.000 | 23970.414  |
| 85    | 0   | 14    | 0   | 71   | 0   | GET    | /api/trend                                          | 0.020 | 1.004 | 75.384  | 0.887 | 1.000 | 1.004 | 1.004 | 0.273  | 0.000     | 6760.000   | 71662.000    | 843.082    |
| 471   | 0   | 304   | 0   | 167  | 0   | GET    | /api/isu/[0-9a-f\-]{36}/graph$                      | 0.008 | 1.236 | 47.596  | 0.101 | 0.212 | 0.300 | 0.700 | 0.129  | 14.000    | 7407.000   | 1433001.000  | 3042.465   |
| 395   | 0   | 292   | 0   | 103  | 0   | GET    | /api/isu/[0-9a-f\-]{36}$                            | 0.852 | 1.636 | 19.300  | 0.049 | 0.104 | 0.164 | 0.852 | 0.123  | 0.000     | 151.000    | 41994.000    | 106.314    |
| 435   | 0   | 163   | 0   | 272  | 0   | POST   | /api/auth                                           | 0.276 | 1.784 | 9.380   | 0.022 | 0.044 | 0.080 | 0.276 | 0.095  | 0.000     | 19.000     | 3128.000     | 7.191      |
| 55    | 0   | 51    | 0   | 4    | 0   | POST   | /api/isu                                            | 0.004 | 0.152 | 3.912   | 0.071 | 0.108 | 0.128 | 0.152 | 0.030  | 15.000    | 151.000    | 7120.000     | 129.455    |
| 89    | 0   | 53    | 0   | 36   | 0   | POST   | /api/signout                                        | 0.000 | 0.380 | 1.944   | 0.022 | 0.060 | 0.104 | 0.380 | 0.051  | 21.000    | 21.000     | 756.000      | 8.494      |
| 146   | 0   | 61    | 0   | 85   | 0   | GET    | /api/user/me                                        | 0.000 | 0.540 | 1.712   | 0.012 | 0.024 | 0.044 | 0.112 | 0.047  | 21.000    | 43.000     | 4007.000     | 27.445     |
| 176   | 0   | 84    | 92  | 0    | 0   | GET    | /assets/vendor.ee7444dd.js                          | 0.000 | 0.012 | 0.348   | 0.002 | 0.004 | 0.008 | 0.012 | 0.003  | 0.000     | 743417.000 | 62447028.000 | 354812.659 |
| 1     | 0   | 1     | 0   | 0    | 0   | POST   | /initialize                                         | 0.320 | 0.320 | 0.320   | 0.320 | 0.320 | 0.320 | 0.320 | 0.000  | 23.000    | 23.000     | 23.000       | 23.000     |
| 176   | 0   | 84    | 92  | 0    | 0   | GET    | /assets/favicon.d0f5f504.svg                        | 0.000 | 0.008 | 0.260   | 0.001 | 0.004 | 0.004 | 0.008 | 0.002  | 0.000     | 592.000    | 49728.000    | 282.545    |
| 176   | 0   | 84    | 92  | 0    | 0   | GET    | /assets/index.23dac98b.js                           | 0.000 | 0.008 | 0.244   | 0.001 | 0.004 | 0.004 | 0.008 | 0.002  | 0.000     | 26667.000  | 2240028.000  | 12727.432  |
| 176   | 0   | 84    | 92  | 0    | 0   | GET    | /assets/index.144d8ca8.css                          | 0.000 | 0.008 | 0.196   | 0.001 | 0.004 | 0.004 | 0.004 | 0.002  | 0.000     | 19066.000  | 1601544.000  | 9099.682   |
| 185   | 0   | 145   | 40  | 0    | 0   | GET    | /                                                   | 0.000 | 0.012 | 0.156   | 0.001 | 0.004 | 0.004 | 0.008 | 0.002  | 0.000     | 528.000    | 76560.000    | 413.838    |
| 176   | 0   | 84    | 92  | 0    | 0   | GET    | /assets/logo_white.svg                              | 0.000 | 0.008 | 0.128   | 0.001 | 0.004 | 0.004 | 0.008 | 0.002  | 0.000     | 3285.000   | 275940.000   | 1567.841   |
| 87    | 0   | 83    | 4   | 0    | 0   | GET    | /assets/logo_orange.svg                             | 0.000 | 0.008 | 0.112   | 0.001 | 0.004 | 0.004 | 0.008 | 0.002  | 3288.000  | 3288.000   | 272904.000   | 3136.828   |
| 3     | 0   | 1     | 2   | 0    | 0   | GET    | /isu/8fb74e6e-4f8d-4a33-9862-dbcdc0712c7e/condition | 0.000 | 0.004 | 0.004   | 0.001 | 0.004 | 0.004 | 0.004 | 0.002  | 0.000     | 528.000    | 528.000      | 176.000    |
| 1     | 0   | 1     | 0   | 0    | 0   | GET    | /isu/9dfdc081-a305-4c1f-8ea2-fc29b46f1f7d/graph     | 0.004 | 0.004 | 0.004   | 0.004 | 0.004 | 0.004 | 0.004 | 0.000  | 528.000   | 528.000    | 528.000      | 528.000    |
| 3     | 0   | 1     | 2   | 0    | 0   | GET    | /isu/5112418b-549f-4da1-baee-30265193657c/condition | 0.000 | 0.004 | 0.004   | 0.001 | 0.004 | 0.004 | 0.004 | 0.002  | 0.000     | 528.000    | 528.000      | 176.000    |
| 3     | 0   | 1     | 2   | 0    | 0   | GET    | /isu/eb104b95-3532-4828-8550-89da717b9667/condition | 0.000 | 0.000 | 0.000   | 0.000 | 0.000 | 0.000 | 0.000 | 0.000  | 0.000     | 528.000    | 528.000      | 176.000    |
| 1     | 0   | 1     | 0   | 0    | 0   | GET    | /isu/c9add5fc-28ca-4eea-9b77-6cb90852508a           | 0.000 | 0.000 | 0.000   | 0.000 | 0.000 | 0.000 | 0.000 | 0.000  | 528.000   | 528.000    | 528.000      | 528.000    |
| 1     | 0   | 1     | 0   | 0    | 0   | GET    | /isu/eb104b95-3532-4828-8550-89da717b9667           | 0.000 | 0.000 | 0.000   | 0.000 | 0.000 | 0.000 | 0.000 | 0.000  | 528.000   | 528.000    | 528.000      | 528.000    |
| 1     | 0   | 1     | 0   | 0    | 0   | GET    | /isu/15063e10-26fc-4dac-ae3a-1f195e0c6c4a           | 0.000 | 0.000 | 0.000   | 0.000 | 0.000 | 0.000 | 0.000 | 0.000  | 528.000   | 528.000    | 528.000      | 528.000    |
| 1     | 0   | 1     | 0   | 0    | 0   | GET    | /isu/15063e10-26fc-4dac-ae3a-1f195e0c6c4a/graph     | 0.000 | 0.000 | 0.000   | 0.000 | 0.000 | 0.000 | 0.000 | 0.000  | 528.000   | 528.000    | 528.000      | 528.000    |
| 3     | 0   | 1     | 2   | 0    | 0   | GET    | /isu/15063e10-26fc-4dac-ae3a-1f195e0c6c4a/condition | 0.000 | 0.000 | 0.000   | 0.000 | 0.000 | 0.000 | 0.000 | 0.000  | 0.000     | 528.000    | 528.000      | 176.000    |
| 1     | 0   | 1     | 0   | 0    | 0   | GET    | /isu/8469e6f6-0d29-4052-87cf-dd9bfde45014           | 0.000 | 0.000 | 0.000   | 0.000 | 0.000 | 0.000 | 0.000 | 0.000  | 528.000   | 528.000    | 528.000      | 528.000    |
| 1     | 0   | 1     | 0   | 0    | 0   | GET    | /isu/8469e6f6-0d29-4052-87cf-dd9bfde45014/graph     | 0.000 | 0.000 | 0.000   | 0.000 | 0.000 | 0.000 | 0.000 | 0.000  | 528.000   | 528.000    | 528.000      | 528.000    |
| 3     | 0   | 1     | 2   | 0    | 0   | GET    | /isu/8469e6f6-0d29-4052-87cf-dd9bfde45014/condition | 0.000 | 0.000 | 0.000   | 0.000 | 0.000 | 0.000 | 0.000 | 0.000  | 0.000     | 528.000    | 528.000      | 176.000    |
| 3     | 0   | 1     | 2   | 0    | 0   | GET    | /isu/b82dcff4-8fae-4773-9956-22ab354adb7e/condition | 0.000 | 0.000 | 0.000   | 0.000 | 0.000 | 0.000 | 0.000 | 0.000  | 0.000     | 528.000    | 528.000      | 176.000    |
| 1     | 0   | 1     | 0   | 0    | 0   | GET    | /isu/7d195770-8d14-4c79-946e-d7a313d3cabd           | 0.000 | 0.000 | 0.000   | 0.000 | 0.000 | 0.000 | 0.000 | 0.000  | 528.000   | 528.000    | 528.000      | 528.000    |
| 1     | 0   | 1     | 0   | 0    | 0   | GET    | /isu/7d195770-8d14-4c79-946e-d7a313d3cabd/graph     | 0.000 | 0.000 | 0.000   | 0.000 | 0.000 | 0.000 | 0.000 | 0.000  | 528.000   | 528.000    | 528.000      | 528.000    |
| 3     | 0   | 1     | 2   | 0    | 0   | GET    | /isu/7d195770-8d14-4c79-946e-d7a313d3cabd/condition | 0.000 | 0.000 | 0.000   | 0.000 | 0.000 | 0.000 | 0.000 | 0.000  | 0.000     | 528.000    | 528.000      | 176.000    |
| 1     | 0   | 1     | 0   | 0    | 0   | GET    | /isu/eb104b95-3532-4828-8550-89da717b9667/graph     | 0.000 | 0.000 | 0.000   | 0.000 | 0.000 | 0.000 | 0.000 | 0.000  | 528.000   | 528.000    | 528.000      | 528.000    |
| 1     | 0   | 1     | 0   | 0    | 0   | GET    | /isu/c9add5fc-28ca-4eea-9b77-6cb90852508a/graph     | 0.000 | 0.000 | 0.000   | 0.000 | 0.000 | 0.000 | 0.000 | 0.000  | 528.000   | 528.000    | 528.000      | 528.000    |
| 3     | 0   | 1     | 2   | 0    | 0   | GET    | /isu/c9add5fc-28ca-4eea-9b77-6cb90852508a/condition | 0.000 | 0.000 | 0.000   | 0.000 | 0.000 | 0.000 | 0.000 | 0.000  | 0.000     | 528.000    | 528.000      | 176.000    |
| 1     | 0   | 1     | 0   | 0    | 0   | GET    | /isu/5112418b-549f-4da1-baee-30265193657c           | 0.000 | 0.000 | 0.000   | 0.000 | 0.000 | 0.000 | 0.000 | 0.000  | 528.000   | 528.000    | 528.000      | 528.000    |
| 1     | 0   | 1     | 0   | 0    | 0   | GET    | /isu/5112418b-549f-4da1-baee-30265193657c/graph     | 0.000 | 0.000 | 0.000   | 0.000 | 0.000 | 0.000 | 0.000 | 0.000  | 528.000   | 528.000    | 528.000      | 528.000    |
| 1     | 0   | 1     | 0   | 0    | 0   | GET    | /isu/b82dcff4-8fae-4773-9956-22ab354adb7e/graph     | 0.000 | 0.000 | 0.000   | 0.000 | 0.000 | 0.000 | 0.000 | 0.000  | 528.000   | 528.000    | 528.000      | 528.000    |
| 1     | 0   | 1     | 0   | 0    | 0   | GET    | /isu/9dfdc081-a305-4c1f-8ea2-fc29b46f1f7d           | 0.000 | 0.000 | 0.000   | 0.000 | 0.000 | 0.000 | 0.000 | 0.000  | 528.000   | 528.000    | 528.000      | 528.000    |
| 1     | 0   | 1     | 0   | 0    | 0   | GET    | /isu/b82dcff4-8fae-4773-9956-22ab354adb7e           | 0.000 | 0.000 | 0.000   | 0.000 | 0.000 | 0.000 | 0.000 | 0.000  | 528.000   | 528.000    | 528.000      | 528.000    |
| 3     | 0   | 1     | 2   | 0    | 0   | GET    | /isu/9dfdc081-a305-4c1f-8ea2-fc29b46f1f7d/condition | 0.000 | 0.000 | 0.000   | 0.000 | 0.000 | 0.000 | 0.000 | 0.000  | 0.000     | 528.000    | 528.000      | 176.000    |
| 1     | 0   | 1     | 0   | 0    | 0   | GET    | /isu/b14b8bad-6b89-4997-95de-27e85ed058f8           | 0.000 | 0.000 | 0.000   | 0.000 | 0.000 | 0.000 | 0.000 | 0.000  | 528.000   | 528.000    | 528.000      | 528.000    |
| 1     | 0   | 1     | 0   | 0    | 0   | GET    | /isu/b14b8bad-6b89-4997-95de-27e85ed058f8/graph     | 0.000 | 0.000 | 0.000   | 0.000 | 0.000 | 0.000 | 0.000 | 0.000  | 528.000   | 528.000    | 528.000      | 528.000    |
| 3     | 0   | 1     | 2   | 0    | 0   | GET    | /isu/b14b8bad-6b89-4997-95de-27e85ed058f8/condition | 0.000 | 0.000 | 0.000   | 0.000 | 0.000 | 0.000 | 0.000 | 0.000  | 0.000     | 528.000    | 528.000      | 176.000    |
| 1     | 0   | 1     | 0   | 0    | 0   | GET    | /isu/8fb74e6e-4f8d-4a33-9862-dbcdc0712c7e/graph     | 0.000 | 0.000 | 0.000   | 0.000 | 0.000 | 0.000 | 0.000 | 0.000  | 528.000   | 528.000    | 528.000      | 528.000    |
| 3     | 0   | 1     | 2   | 0    | 0   | GET    | /register                                           | 0.000 | 0.000 | 0.000   | 0.000 | 0.000 | 0.000 | 0.000 | 0.000  | 0.000     | 528.000    | 528.000      | 176.000    |
| 1     | 0   | 1     | 0   | 0    | 0   | GET    | /isu/8fb74e6e-4f8d-4a33-9862-dbcdc0712c7e           | 0.000 | 0.000 | 0.000   | 0.000 | 0.000 | 0.000 | 0.000 | 0.000  | 528.000   | 528.000    | 528.000      | 528.000    |
+-------+-----+-------+-----+------+-----+--------+-----------------------------------------------------+-------+-------+---------+-------+-------+-------+-------+--------+-----------+------------+--------------+------------+
