+-------+-----+-------+------+-----+-----+--------+-----------------------------------------------------+-------+-------+---------+-------+-------+-------+-------+--------+------------+------------+---------------+------------+
| COUNT | 1XX |  2XX  | 3XX  | 4XX | 5XX | METHOD |                         URI                         |  MIN  |  MAX  |   SUM   |  AVG  |  P90  |  P95  |  P99  | STDDEV | MIN(BODY)  | MAX(BODY)  |   SUM(BODY)   | AVG(BODY)  |
+-------+-----+-------+------+-----+-----+--------+-----------------------------------------------------+-------+-------+---------+-------+-------+-------+-------+--------+------------+------------+---------------+------------+
| 80986 | 0   | 80604 | 0    | 382 | 0   | POST   | /api/condition/[0-9a-f\-]{36}$                      | 0.004 | 0.108 | 863.012 | 0.011 | 0.028 | 0.040 | 0.080 | 0.015  | 0.000      | 14.000     | 448.000       | 0.006      |
| 9635  | 0   | 9060  | 0    | 575 | 0   | GET    | /api/condition/[0-9a-f\-]{36}$                      | 0.008 | 0.436 | 404.204 | 0.042 | 0.104 | 0.132 | 0.184 | 0.043  | 0.000      | 7143.000   | 53674947.000  | 5570.830   |
| 1950  | 0   | 1950  | 0    | 0   | 0   | GET    | /api/trend                                          | 0.004 | 0.344 | 68.552  | 0.035 | 0.136 | 0.228 | 0.300 | 0.069  | 3993.000   | 8595.000   | 15932064.000  | 8170.289   |
| 1270  | 0   | 864   | 0    | 406 | 0   | GET    | /api/isu/[0-9a-f\-]{36}/graph$                      | 0.004 | 0.316 | 46.968  | 0.037 | 0.112 | 0.156 | 0.216 | 0.050  | 0.000      | 15297.000  | 8019945.000   | 6314.917   |
| 7850  | 0   | 7607  | 0    | 243 | 0   | GET    | /api/isu/[0-9a-f\-]{36}/icon$                       | 0.000 | 0.056 | 45.260  | 0.006 | 0.012 | 0.012 | 0.020 | 0.005  | 14.000     | 135259.000 | 209792789.000 | 26725.196  |
| 1303  | 0   | 1222  | 0    | 81  | 0   | GET    | /api/isu                                            | 0.004 | 0.120 | 22.540  | 0.017 | 0.036 | 0.048 | 0.068 | 0.015  | 3.000      | 4677.000   | 3196553.000   | 2453.226   |
| 1437  | 0   | 1194  | 0    | 243 | 0   | GET    | /api/isu/[0-9a-f\-]{36}$                            | 0.008 | 0.156 | 10.712  | 0.007 | 0.016 | 0.024 | 0.056 | 0.011  | 14.000     | 154.000    | 166926.000    | 116.163    |
| 1148  | 0   | 500   | 0    | 648 | 0   | POST   | /api/auth                                           | 0.004 | 0.072 | 8.716   | 0.008 | 0.016 | 0.024 | 0.040 | 0.009  | 0.000      | 19.000     | 7452.000      | 6.491      |
| 2293  | 0   | 561   | 1732 | 0   | 0   | GET    | /                                                   | 0.000 | 0.064 | 6.096   | 0.003 | 0.008 | 0.008 | 0.016 | 0.004  | 0.000      | 528.000    | 296208.000    | 129.179    |
| 60    | 0   | 56    | 0    | 4   | 0   | POST   | /api/isu                                            | 0.004 | 0.108 | 3.460   | 0.058 | 0.068 | 0.080 | 0.108 | 0.017  | 15.000     | 154.000    | 7758.000      | 129.300    |
| 583   | 0   | 257   | 0    | 326 | 0   | GET    | /api/user/me                                        | 0.000 | 0.080 | 2.160   | 0.004 | 0.008 | 0.012 | 0.032 | 0.007  | 21.000     | 44.000     | 16462.000     | 28.237     |
| 330   | 0   | 247   | 0    | 83  | 0   | POST   | /api/signout                                        | 0.004 | 0.088 | 1.628   | 0.005 | 0.012 | 0.016 | 0.028 | 0.008  | 21.000     | 21.000     | 1743.000      | 5.282      |
| 1     | 0   | 1     | 0    | 0   | 0   | POST   | /initialize                                         | 0.276 | 0.276 | 0.276   | 0.276 | 0.276 | 0.276 | 0.276 | 0.000  | 23.000     | 23.000     | 23.000        | 23.000     |
| 286   | 0   | 286   | 0    | 0   | 0   | GET    | /assets/vendor.ee7444dd.js                          | 0.000 | 0.007 | 0.081   | 0.000 | 0.001 | 0.002 | 0.005 | 0.001  | 743417.000 | 743417.000 | 212617262.000 | 743417.000 |
| 286   | 0   | 286   | 0    | 0   | 0   | GET    | /assets/favicon.d0f5f504.svg                        | 0.000 | 0.004 | 0.018   | 0.000 | 0.000 | 0.000 | 0.002 | 0.000  | 592.000    | 592.000    | 169312.000    | 592.000    |
| 286   | 0   | 286   | 0    | 0   | 0   | GET    | /assets/index.23dac98b.js                           | 0.000 | 0.003 | 0.009   | 0.000 | 0.000 | 0.000 | 0.002 | 0.000  | 26667.000  | 26667.000  | 7626762.000   | 26667.000  |
| 3     | 0   | 1     | 2    | 0   | 0   | GET    | /isu/8fb74e6e-4f8d-4a33-9862-dbcdc0712c7e/condition | 0.000 | 0.004 | 0.004   | 0.001 | 0.004 | 0.004 | 0.004 | 0.002  | 0.000      | 528.000    | 528.000       | 176.000    |
| 1     | 0   | 1     | 0    | 0   | 0   | GET    | /isu/15063e10-26fc-4dac-ae3a-1f195e0c6c4a/graph     | 0.004 | 0.004 | 0.004   | 0.004 | 0.004 | 0.004 | 0.004 | 0.000  | 528.000    | 528.000    | 528.000       | 528.000    |
| 286   | 0   | 286   | 0    | 0   | 0   | GET    | /assets/index.144d8ca8.css                          | 0.000 | 0.001 | 0.003   | 0.000 | 0.000 | 0.000 | 0.001 | 0.000  | 19066.000  | 19066.000  | 5452876.000   | 19066.000  |
| 1     | 0   | 1     | 0    | 0   | 0   | GET    | /isu/8fb74e6e-4f8d-4a33-9862-dbcdc0712c7e/graph     | 0.000 | 0.000 | 0.000   | 0.000 | 0.000 | 0.000 | 0.000 | 0.000  | 528.000    | 528.000    | 528.000       | 528.000    |
| 1     | 0   | 1     | 0    | 0   | 0   | GET    | /isu/eb104b95-3532-4828-8550-89da717b9667           | 0.000 | 0.000 | 0.000   | 0.000 | 0.000 | 0.000 | 0.000 | 0.000  | 528.000    | 528.000    | 528.000       | 528.000    |
| 3     | 0   | 1     | 2    | 0   | 0   | GET    | /isu/8469e6f6-0d29-4052-87cf-dd9bfde45014/condition | 0.000 | 0.000 | 0.000   | 0.000 | 0.000 | 0.000 | 0.000 | 0.000  | 0.000      | 528.000    | 528.000       | 176.000    |
| 1     | 0   | 1     | 0    | 0   | 0   | GET    | /isu/8fb74e6e-4f8d-4a33-9862-dbcdc0712c7e           | 0.000 | 0.000 | 0.000   | 0.000 | 0.000 | 0.000 | 0.000 | 0.000  | 528.000    | 528.000    | 528.000       | 528.000    |
| 1     | 0   | 1     | 0    | 0   | 0   | GET    | /isu/15063e10-26fc-4dac-ae3a-1f195e0c6c4a           | 0.000 | 0.000 | 0.000   | 0.000 | 0.000 | 0.000 | 0.000 | 0.000  | 528.000    | 528.000    | 528.000       | 528.000    |
| 1     | 0   | 1     | 0    | 0   | 0   | GET    | /isu/8469e6f6-0d29-4052-87cf-dd9bfde45014           | 0.000 | 0.000 | 0.000   | 0.000 | 0.000 | 0.000 | 0.000 | 0.000  | 528.000    | 528.000    | 528.000       | 528.000    |
| 1     | 0   | 1     | 0    | 0   | 0   | GET    | /isu/b82dcff4-8fae-4773-9956-22ab354adb7e           | 0.000 | 0.000 | 0.000   | 0.000 | 0.000 | 0.000 | 0.000 | 0.000  | 528.000    | 528.000    | 528.000       | 528.000    |
| 1     | 0   | 1     | 0    | 0   | 0   | GET    | /isu/b82dcff4-8fae-4773-9956-22ab354adb7e/graph     | 0.000 | 0.000 | 0.000   | 0.000 | 0.000 | 0.000 | 0.000 | 0.000  | 528.000    | 528.000    | 528.000       | 528.000    |
| 3     | 0   | 2     | 1    | 0   | 0   | GET    | /isu/b82dcff4-8fae-4773-9956-22ab354adb7e/condition | 0.000 | 0.000 | 0.000   | 0.000 | 0.000 | 0.000 | 0.000 | 0.000  | 0.000      | 528.000    | 1056.000      | 352.000    |
| 1     | 0   | 1     | 0    | 0   | 0   | GET    | /isu/8469e6f6-0d29-4052-87cf-dd9bfde45014/graph     | 0.000 | 0.000 | 0.000   | 0.000 | 0.000 | 0.000 | 0.000 | 0.000  | 528.000    | 528.000    | 528.000       | 528.000    |
| 1     | 0   | 1     | 0    | 0   | 0   | GET    | /isu/eb104b95-3532-4828-8550-89da717b9667/graph     | 0.000 | 0.000 | 0.000   | 0.000 | 0.000 | 0.000 | 0.000 | 0.000  | 528.000    | 528.000    | 528.000       | 528.000    |
| 3     | 0   | 2     | 1    | 0   | 0   | GET    | /isu/eb104b95-3532-4828-8550-89da717b9667/condition | 0.000 | 0.000 | 0.000   | 0.000 | 0.000 | 0.000 | 0.000 | 0.000  | 528.000    | 528.000    | 1056.000      | 352.000    |
| 3     | 0   | 2     | 1    | 0   | 0   | GET    | /isu/15063e10-26fc-4dac-ae3a-1f195e0c6c4a/condition | 0.000 | 0.000 | 0.000   | 0.000 | 0.000 | 0.000 | 0.000 | 0.000  | 0.000      | 528.000    | 1056.000      | 352.000    |
| 1     | 0   | 1     | 0    | 0   | 0   | GET    | /isu/3af9b2b1-0111-4add-ab0c-5e122896bcda           | 0.000 | 0.000 | 0.000   | 0.000 | 0.000 | 0.000 | 0.000 | 0.000  | 528.000    | 528.000    | 528.000       | 528.000    |
| 1     | 0   | 1     | 0    | 0   | 0   | GET    | /isu/3af9b2b1-0111-4add-ab0c-5e122896bcda/graph     | 0.000 | 0.000 | 0.000   | 0.000 | 0.000 | 0.000 | 0.000 | 0.000  | 528.000    | 528.000    | 528.000       | 528.000    |
| 3     | 0   | 1     | 2    | 0   | 0   | GET    | /isu/3af9b2b1-0111-4add-ab0c-5e122896bcda/condition | 0.000 | 0.000 | 0.000   | 0.000 | 0.000 | 0.000 | 0.000 | 0.000  | 0.000      | 528.000    | 528.000       | 176.000    |
| 286   | 0   | 286   | 0    | 0   | 0   | GET    | /assets/logo_white.svg                              | 0.000 | 0.000 | 0.000   | 0.000 | 0.000 | 0.000 | 0.000 | 0.000  | 3285.000   | 3285.000   | 939510.000    | 3285.000   |
| 3     | 0   | 1     | 2    | 0   | 0   | GET    | /register                                           | 0.000 | 0.000 | 0.000   | 0.000 | 0.000 | 0.000 | 0.000 | 0.000  | 0.000      | 528.000    | 528.000       | 176.000    |
| 285   | 0   | 285   | 0    | 0   | 0   | GET    | /assets/logo_orange.svg                             | 0.000 | 0.000 | 0.000   | 0.000 | 0.000 | 0.000 | 0.000 | 0.000  | 3288.000   | 3288.000   | 937080.000    | 3288.000   |
+-------+-----+-------+------+-----+-----+--------+-----------------------------------------------------+-------+-------+---------+-------+-------+-------+-------+--------+------------+------------+---------------+------------+
