+-------+-----+-------+-----+-----+-----+--------+-----------------------------------------------------+-------+-------+---------+-------+-------+-------+-------+--------+------------+------------+---------------+------------+
| COUNT | 1XX |  2XX  | 3XX | 4XX | 5XX | METHOD |                         URI                         |  MIN  |  MAX  |   SUM   |  AVG  |  P90  |  P95  |  P99  | STDDEV | MIN(BODY)  | MAX(BODY)  |   SUM(BODY)   | AVG(BODY)  |
+-------+-----+-------+-----+-----+-----+--------+-----------------------------------------------------+-------+-------+---------+-------+-------+-------+-------+--------+------------+------------+---------------+------------+
| 79994 | 0   | 79801 | 0   | 193 | 0   | POST   | /api/condition/[0-9a-f\-]{36}$                      | 0.004 | 0.104 | 767.072 | 0.010 | 0.016 | 0.024 | 0.048 | 0.009  | 0.000      | 14.000     | 854.000       | 0.011      |
| 39337 | 0   | 38666 | 0   | 671 | 0   | GET    | /api/condition/[0-9a-f\-]{36}$                      | 0.004 | 0.236 | 250.600 | 0.006 | 0.012 | 0.016 | 0.032 | 0.007  | 0.000      | 7143.000   | 234708110.000 | 5966.599   |
| 23510 | 0   | 23222 | 0   | 288 | 0   | GET    | /api/isu/[0-9a-f\-]{36}/icon$                       | 0.000 | 0.232 | 129.608 | 0.006 | 0.008 | 0.012 | 0.024 | 0.006  | 14.000     | 135259.000 | 616164827.000 | 26208.627  |
| 1543  | 0   | 1543  | 0   | 0   | 0   | GET    | /api/trend                                          | 0.004 | 0.420 | 74.236  | 0.048 | 0.196 | 0.288 | 0.340 | 0.086  | 3993.000   | 8437.000   | 12658203.000  | 8203.631   |
| 3597  | 0   | 3117  | 0   | 480 | 0   | GET    | /api/isu/[0-9a-f\-]{36}/graph$                      | 0.004 | 0.152 | 63.608  | 0.018 | 0.036 | 0.048 | 0.084 | 0.016  | 0.000      | 19499.000  | 54246500.000  | 15081.040  |
| 3570  | 0   | 3474  | 0   | 96  | 0   | GET    | /api/isu                                            | 0.004 | 0.076 | 44.488  | 0.012 | 0.020 | 0.024 | 0.040 | 0.008  | 3.000      | 4665.000   | 9893221.000   | 2771.210   |
| 3718  | 0   | 3430  | 0   | 288 | 0   | GET    | /api/isu/[0-9a-f\-]{36}$                            | 0.008 | 0.108 | 15.328  | 0.004 | 0.008 | 0.012 | 0.020 | 0.005  | 14.000     | 160.000    | 480438.000    | 129.219    |
| 1696  | 0   | 928   | 0   | 768 | 0   | POST   | /api/auth                                           | 0.004 | 0.040 | 5.888   | 0.003 | 0.008 | 0.008 | 0.016 | 0.003  | 0.000      | 19.000     | 8832.000      | 5.208      |
| 2285  | 0   | 1317  | 968 | 0   | 0   | GET    | /                                                   | 0.000 | 0.016 | 3.772   | 0.002 | 0.004 | 0.004 | 0.008 | 0.002  | 0.000      | 528.000    | 695376.000    | 304.322    |
| 58    | 0   | 54    | 0   | 4   | 0   | POST   | /api/isu                                            | 0.004 | 0.120 | 3.436   | 0.059 | 0.072 | 0.104 | 0.120 | 0.020  | 15.000     | 160.000    | 7519.000      | 129.638    |
| 1365  | 0   | 640   | 0   | 725 | 0   | GET    | /api/user/me                                        | 0.000 | 0.092 | 2.924   | 0.002 | 0.004 | 0.008 | 0.012 | 0.004  | 21.000     | 41.000     | 38887.000     | 28.489     |
| 729   | 0   | 631   | 0   | 98  | 0   | POST   | /api/signout                                        | 0.000 | 0.028 | 1.860   | 0.003 | 0.004 | 0.008 | 0.012 | 0.003  | 21.000     | 21.000     | 2058.000      | 2.823      |
| 1     | 0   | 1     | 0   | 0   | 0   | POST   | /initialize                                         | 0.308 | 0.308 | 0.308   | 0.308 | 0.308 | 0.308 | 0.308 | 0.000  | 23.000     | 23.000     | 23.000        | 23.000     |
| 666   | 0   | 666   | 0   | 0   | 0   | GET    | /assets/vendor.ee7444dd.js                          | 0.000 | 0.006 | 0.118   | 0.000 | 0.001 | 0.001 | 0.003 | 0.001  | 743417.000 | 743417.000 | 495115722.000 | 743417.000 |
| 666   | 0   | 666   | 0   | 0   | 0   | GET    | /assets/favicon.d0f5f504.svg                        | 0.000 | 0.003 | 0.030   | 0.000 | 0.000 | 0.000 | 0.002 | 0.000  | 592.000    | 592.000    | 394272.000    | 592.000    |
| 667   | 0   | 667   | 0   | 0   | 0   | GET    | /assets/index.23dac98b.js                           | 0.000 | 0.003 | 0.013   | 0.000 | 0.000 | 0.000 | 0.001 | 0.000  | 26667.000  | 26667.000  | 17786889.000  | 26667.000  |
| 3     | 0   | 2     | 1   | 0   | 0   | GET    | /isu/8fb74e6e-4f8d-4a33-9862-dbcdc0712c7e/condition | 0.004 | 0.004 | 0.008   | 0.003 | 0.004 | 0.004 | 0.004 | 0.002  | 528.000    | 528.000    | 1056.000      | 352.000    |
| 666   | 0   | 666   | 0   | 0   | 0   | GET    | /assets/index.144d8ca8.css                          | 0.000 | 0.003 | 0.005   | 0.000 | 0.000 | 0.000 | 0.000 | 0.000  | 19066.000  | 19066.000  | 12697956.000  | 19066.000  |
| 1     | 0   | 1     | 0   | 0   | 0   | GET    | /isu/15063e10-26fc-4dac-ae3a-1f195e0c6c4a           | 0.004 | 0.004 | 0.004   | 0.004 | 0.004 | 0.004 | 0.004 | 0.000  | 528.000    | 528.000    | 528.000       | 528.000    |
| 1     | 0   | 1     | 0   | 0   | 0   | GET    | /isu/15063e10-26fc-4dac-ae3a-1f195e0c6c4a/graph     | 0.004 | 0.004 | 0.004   | 0.004 | 0.004 | 0.004 | 0.004 | 0.000  | 528.000    | 528.000    | 528.000       | 528.000    |
| 3     | 0   | 2     | 1   | 0   | 0   | GET    | /isu/15063e10-26fc-4dac-ae3a-1f195e0c6c4a/condition | 0.000 | 0.004 | 0.004   | 0.001 | 0.004 | 0.004 | 0.004 | 0.002  | 0.000      | 528.000    | 1056.000      | 352.000    |
| 1     | 0   | 1     | 0   | 0   | 0   | GET    | /isu/b82dcff4-8fae-4773-9956-22ab354adb7e           | 0.004 | 0.004 | 0.004   | 0.004 | 0.004 | 0.004 | 0.004 | 0.000  | 528.000    | 528.000    | 528.000       | 528.000    |
| 1     | 0   | 1     | 0   | 0   | 0   | GET    | /isu/8fb74e6e-4f8d-4a33-9862-dbcdc0712c7e/graph     | 0.000 | 0.000 | 0.000   | 0.000 | 0.000 | 0.000 | 0.000 | 0.000  | 528.000    | 528.000    | 528.000       | 528.000    |
| 1     | 0   | 1     | 0   | 0   | 0   | GET    | /isu/eb104b95-3532-4828-8550-89da717b9667/graph     | 0.000 | 0.000 | 0.000   | 0.000 | 0.000 | 0.000 | 0.000 | 0.000  | 528.000    | 528.000    | 528.000       | 528.000    |
| 3     | 0   | 1     | 2   | 0   | 0   | GET    | /isu/8469e6f6-0d29-4052-87cf-dd9bfde45014/condition | 0.000 | 0.000 | 0.000   | 0.000 | 0.000 | 0.000 | 0.000 | 0.000  | 0.000      | 528.000    | 528.000       | 176.000    |
| 1     | 0   | 1     | 0   | 0   | 0   | GET    | /isu/8469e6f6-0d29-4052-87cf-dd9bfde45014/graph     | 0.000 | 0.000 | 0.000   | 0.000 | 0.000 | 0.000 | 0.000 | 0.000  | 528.000    | 528.000    | 528.000       | 528.000    |
| 1     | 0   | 1     | 0   | 0   | 0   | GET    | /isu/b82dcff4-8fae-4773-9956-22ab354adb7e/graph     | 0.000 | 0.000 | 0.000   | 0.000 | 0.000 | 0.000 | 0.000 | 0.000  | 528.000    | 528.000    | 528.000       | 528.000    |
| 3     | 0   | 2     | 1   | 0   | 0   | GET    | /isu/b82dcff4-8fae-4773-9956-22ab354adb7e/condition | 0.000 | 0.000 | 0.000   | 0.000 | 0.000 | 0.000 | 0.000 | 0.000  | 0.000      | 528.000    | 1056.000      | 352.000    |
| 1     | 0   | 1     | 0   | 0   | 0   | GET    | /isu/eb104b95-3532-4828-8550-89da717b9667           | 0.000 | 0.000 | 0.000   | 0.000 | 0.000 | 0.000 | 0.000 | 0.000  | 528.000    | 528.000    | 528.000       | 528.000    |
| 1     | 0   | 1     | 0   | 0   | 0   | GET    | /isu/8fb74e6e-4f8d-4a33-9862-dbcdc0712c7e           | 0.000 | 0.000 | 0.000   | 0.000 | 0.000 | 0.000 | 0.000 | 0.000  | 528.000    | 528.000    | 528.000       | 528.000    |
| 3     | 0   | 1     | 2   | 0   | 0   | GET    | /isu/eb104b95-3532-4828-8550-89da717b9667/condition | 0.000 | 0.000 | 0.000   | 0.000 | 0.000 | 0.000 | 0.000 | 0.000  | 0.000      | 528.000    | 528.000       | 176.000    |
| 1     | 0   | 1     | 0   | 0   | 0   | GET    | /isu/8469e6f6-0d29-4052-87cf-dd9bfde45014           | 0.000 | 0.000 | 0.000   | 0.000 | 0.000 | 0.000 | 0.000 | 0.000  | 528.000    | 528.000    | 528.000       | 528.000    |
| 1     | 0   | 1     | 0   | 0   | 0   | GET    | /isu/cab99f63-bb3a-4648-b6df-376396f2c7ab           | 0.000 | 0.000 | 0.000   | 0.000 | 0.000 | 0.000 | 0.000 | 0.000  | 528.000    | 528.000    | 528.000       | 528.000    |
| 1     | 0   | 1     | 0   | 0   | 0   | GET    | /isu/cab99f63-bb3a-4648-b6df-376396f2c7ab/graph     | 0.000 | 0.000 | 0.000   | 0.000 | 0.000 | 0.000 | 0.000 | 0.000  | 528.000    | 528.000    | 528.000       | 528.000    |
| 3     | 0   | 1     | 2   | 0   | 0   | GET    | /isu/cab99f63-bb3a-4648-b6df-376396f2c7ab/condition | 0.000 | 0.000 | 0.000   | 0.000 | 0.000 | 0.000 | 0.000 | 0.000  | 0.000      | 528.000    | 528.000       | 176.000    |
| 665   | 0   | 665   | 0   | 0   | 0   | GET    | /assets/logo_orange.svg                             | 0.000 | 0.000 | 0.000   | 0.000 | 0.000 | 0.000 | 0.000 | 0.000  | 3288.000   | 3288.000   | 2186520.000   | 3288.000   |
| 3     | 0   | 1     | 2   | 0   | 0   | GET    | /register                                           | 0.000 | 0.000 | 0.000   | 0.000 | 0.000 | 0.000 | 0.000 | 0.000  | 0.000      | 528.000    | 528.000       | 176.000    |
| 666   | 0   | 666   | 0   | 0   | 0   | GET    | /assets/logo_white.svg                              | 0.000 | 0.000 | 0.000   | 0.000 | 0.000 | 0.000 | 0.000 | 0.000  | 3285.000   | 3285.000   | 2187810.000   | 3285.000   |
+-------+-----+-------+-----+-----+-----+--------+-----------------------------------------------------+-------+-------+---------+-------+-------+-------+-------+--------+------------+------------+---------------+------------+
