+-------+-----+-------+------+------+-----+--------+-----------------------------------------------------+-------+-------+----------+-------+-------+-------+-------+--------+------------+------------+---------------+------------+
| COUNT | 1XX |  2XX  | 3XX  | 4XX  | 5XX | METHOD |                         URI                         |  MIN  |  MAX  |   SUM    |  AVG  |  P90  |  P95  |  P99  | STDDEV | MIN(BODY)  | MAX(BODY)  |   SUM(BODY)   | AVG(BODY)  |
+-------+-----+-------+------+------+-----+--------+-----------------------------------------------------+-------+-------+----------+-------+-------+-------+-------+--------+------------+------------+---------------+------------+
| 84091 | 0   | 81851 | 0    | 2240 | 0   | POST   | /api/condition/[0-9a-f\-]{36}$                      | 0.004 | 0.120 | 1346.972 | 0.016 | 0.048 | 0.072 | 0.100 | 0.023  | 0.000      | 14.000     | 476.000       | 0.006      |
| 9783  | 0   | 9275  | 0    | 508  | 0   | GET    | /api/condition/[0-9a-f\-]{36}$                      | 0.004 | 1.000 | 432.680  | 0.044 | 0.108 | 0.144 | 0.240 | 0.053  | 0.000      | 7303.000   | 54768124.000  | 5598.295   |
| 3979  | 0   | 3973  | 0    | 6    | 0   | GET    | /api/trend                                          | 0.004 | 0.272 | 79.388   | 0.020 | 0.040 | 0.140 | 0.220 | 0.044  | 0.000      | 9515.000   | 34658838.000  | 8710.439   |
| 1260  | 0   | 904   | 0    | 356  | 0   | GET    | /api/isu/[0-9a-f\-]{36}/graph$                      | 0.004 | 0.324 | 46.836   | 0.037 | 0.104 | 0.144 | 0.236 | 0.050  | 0.000      | 15031.000  | 8238194.000   | 6538.249   |
| 8502  | 0   | 8289  | 0    | 213  | 0   | GET    | /api/isu/[0-9a-f\-]{36}/icon$                       | 0.000 | 0.036 | 39.780   | 0.005 | 0.008 | 0.012 | 0.016 | 0.004  | 14.000     | 135259.000 | 227606843.000 | 26770.977  |
| 1349  | 0   | 1278  | 0    | 71   | 0   | GET    | /api/isu                                            | 0.004 | 0.268 | 29.628   | 0.022 | 0.048 | 0.064 | 0.120 | 0.023  | 3.000      | 4665.000   | 3501407.000   | 2595.557   |
| 1483  | 0   | 1270  | 0    | 213  | 0   | GET    | /api/isu/[0-9a-f\-]{36}$                            | 0.012 | 0.320 | 18.356   | 0.012 | 0.032 | 0.048 | 0.104 | 0.022  | 14.000     | 151.000    | 178564.000    | 120.407    |
| 4319  | 0   | 586   | 3733 | 0    | 0   | GET    | /                                                   | 0.004 | 0.064 | 17.276   | 0.004 | 0.012 | 0.016 | 0.024 | 0.006  | 0.000      | 528.000    | 309408.000    | 71.639     |
| 1055  | 0   | 477   | 0    | 578  | 0   | POST   | /api/auth                                           | 0.000 | 0.204 | 9.844    | 0.009 | 0.016 | 0.028 | 0.076 | 0.014  | 0.000      | 19.000     | 6624.000      | 6.279      |
| 73    | 0   | 69    | 0    | 4    | 0   | POST   | /api/isu                                            | 0.004 | 0.176 | 4.984    | 0.068 | 0.116 | 0.144 | 0.176 | 0.033  | 15.000     | 151.000    | 9585.000      | 131.301    |
| 583   | 0   | 263   | 0    | 320  | 0   | GET    | /api/user/me                                        | 0.000 | 0.068 | 2.308    | 0.004 | 0.008 | 0.016 | 0.036 | 0.007  | 21.000     | 43.000     | 16801.000     | 28.818     |
| 324   | 0   | 251   | 0    | 73   | 0   | POST   | /api/signout                                        | 0.000 | 0.060 | 1.916    | 0.006 | 0.012 | 0.020 | 0.052 | 0.009  | 21.000     | 21.000     | 1533.000      | 4.731      |
| 1     | 0   | 1     | 0    | 0    | 0   | POST   | /initialize                                         | 0.224 | 0.224 | 0.224    | 0.224 | 0.224 | 0.224 | 0.224 | 0.000  | 23.000     | 23.000     | 23.000        | 23.000     |
| 298   | 0   | 298   | 0    | 0    | 0   | GET    | /assets/vendor.ee7444dd.js                          | 0.000 | 0.007 | 0.095    | 0.000 | 0.001 | 0.002 | 0.005 | 0.001  | 743417.000 | 743417.000 | 221538266.000 | 743417.000 |
| 298   | 0   | 298   | 0    | 0    | 0   | GET    | /assets/favicon.d0f5f504.svg                        | 0.000 | 0.007 | 0.025    | 0.000 | 0.000 | 0.000 | 0.004 | 0.001  | 592.000    | 592.000    | 176416.000    | 592.000    |
| 298   | 0   | 298   | 0    | 0    | 0   | GET    | /assets/index.23dac98b.js                           | 0.000 | 0.002 | 0.009    | 0.000 | 0.000 | 0.000 | 0.001 | 0.000  | 26667.000  | 26667.000  | 7946766.000   | 26667.000  |
| 3     | 0   | 2     | 1    | 0    | 0   | GET    | /isu/cab99f63-bb3a-4648-b6df-376396f2c7ab/condition | 0.000 | 0.004 | 0.008    | 0.003 | 0.004 | 0.004 | 0.004 | 0.002  | 0.000      | 528.000    | 1056.000      | 352.000    |
| 298   | 0   | 298   | 0    | 0    | 0   | GET    | /assets/index.144d8ca8.css                          | 0.000 | 0.004 | 0.007    | 0.000 | 0.000 | 0.000 | 0.001 | 0.000  | 19066.000  | 19066.000  | 5681668.000   | 19066.000  |
| 3     | 0   | 1     | 2    | 0    | 0   | GET    | /isu/8469e6f6-0d29-4052-87cf-dd9bfde45014/condition | 0.000 | 0.004 | 0.004    | 0.001 | 0.004 | 0.004 | 0.004 | 0.002  | 0.000      | 528.000    | 528.000       | 176.000    |
| 3     | 0   | 2     | 1    | 0    | 0   | GET    | /register                                           | 0.000 | 0.004 | 0.004    | 0.001 | 0.004 | 0.004 | 0.004 | 0.002  | 0.000      | 528.000    | 1056.000      | 352.000    |
| 3     | 0   | 2     | 1    | 0    | 0   | GET    | /isu/eb104b95-3532-4828-8550-89da717b9667/condition | 0.004 | 0.004 | 0.004    | 0.001 | 0.004 | 0.004 | 0.004 | 0.002  | 528.000    | 528.000    | 1056.000      | 352.000    |
| 1     | 0   | 1     | 0    | 0    | 0   | GET    | /isu/8fb74e6e-4f8d-4a33-9862-dbcdc0712c7e/graph     | 0.000 | 0.000 | 0.000    | 0.000 | 0.000 | 0.000 | 0.000 | 0.000  | 528.000    | 528.000    | 528.000       | 528.000    |
| 1     | 0   | 1     | 0    | 0    | 0   | GET    | /isu/8469e6f6-0d29-4052-87cf-dd9bfde45014/graph     | 0.000 | 0.000 | 0.000    | 0.000 | 0.000 | 0.000 | 0.000 | 0.000  | 528.000    | 528.000    | 528.000       | 528.000    |
| 1     | 0   | 1     | 0    | 0    | 0   | GET    | /isu/15063e10-26fc-4dac-ae3a-1f195e0c6c4a           | 0.000 | 0.000 | 0.000    | 0.000 | 0.000 | 0.000 | 0.000 | 0.000  | 528.000    | 528.000    | 528.000       | 528.000    |
| 3     | 0   | 2     | 1    | 0    | 0   | GET    | /isu/8fb74e6e-4f8d-4a33-9862-dbcdc0712c7e/condition | 0.000 | 0.000 | 0.000    | 0.000 | 0.000 | 0.000 | 0.000 | 0.000  | 528.000    | 528.000    | 1056.000      | 352.000    |
| 1     | 0   | 1     | 0    | 0    | 0   | GET    | /isu/b82dcff4-8fae-4773-9956-22ab354adb7e           | 0.000 | 0.000 | 0.000    | 0.000 | 0.000 | 0.000 | 0.000 | 0.000  | 528.000    | 528.000    | 528.000       | 528.000    |
| 1     | 0   | 1     | 0    | 0    | 0   | GET    | /isu/b82dcff4-8fae-4773-9956-22ab354adb7e/graph     | 0.000 | 0.000 | 0.000    | 0.000 | 0.000 | 0.000 | 0.000 | 0.000  | 528.000    | 528.000    | 528.000       | 528.000    |
| 3     | 0   | 2     | 1    | 0    | 0   | GET    | /isu/b82dcff4-8fae-4773-9956-22ab354adb7e/condition | 0.000 | 0.000 | 0.000    | 0.000 | 0.000 | 0.000 | 0.000 | 0.000  | 528.000    | 528.000    | 1056.000      | 352.000    |
| 1     | 0   | 1     | 0    | 0    | 0   | GET    | /isu/eb104b95-3532-4828-8550-89da717b9667           | 0.000 | 0.000 | 0.000    | 0.000 | 0.000 | 0.000 | 0.000 | 0.000  | 528.000    | 528.000    | 528.000       | 528.000    |
| 1     | 0   | 1     | 0    | 0    | 0   | GET    | /isu/eb104b95-3532-4828-8550-89da717b9667/graph     | 0.000 | 0.000 | 0.000    | 0.000 | 0.000 | 0.000 | 0.000 | 0.000  | 528.000    | 528.000    | 528.000       | 528.000    |
| 1     | 0   | 1     | 0    | 0    | 0   | GET    | /isu/8fb74e6e-4f8d-4a33-9862-dbcdc0712c7e           | 0.000 | 0.000 | 0.000    | 0.000 | 0.000 | 0.000 | 0.000 | 0.000  | 528.000    | 528.000    | 528.000       | 528.000    |
| 1     | 0   | 1     | 0    | 0    | 0   | GET    | /isu/8469e6f6-0d29-4052-87cf-dd9bfde45014           | 0.000 | 0.000 | 0.000    | 0.000 | 0.000 | 0.000 | 0.000 | 0.000  | 528.000    | 528.000    | 528.000       | 528.000    |
| 1     | 0   | 1     | 0    | 0    | 0   | GET    | /isu/cab99f63-bb3a-4648-b6df-376396f2c7ab           | 0.000 | 0.000 | 0.000    | 0.000 | 0.000 | 0.000 | 0.000 | 0.000  | 528.000    | 528.000    | 528.000       | 528.000    |
| 1     | 0   | 1     | 0    | 0    | 0   | GET    | /isu/cab99f63-bb3a-4648-b6df-376396f2c7ab/graph     | 0.000 | 0.000 | 0.000    | 0.000 | 0.000 | 0.000 | 0.000 | 0.000  | 528.000    | 528.000    | 528.000       | 528.000    |
| 3     | 0   | 1     | 2    | 0    | 0   | GET    | /isu/15063e10-26fc-4dac-ae3a-1f195e0c6c4a/condition | 0.000 | 0.000 | 0.000    | 0.000 | 0.000 | 0.000 | 0.000 | 0.000  | 0.000      | 528.000    | 528.000       | 176.000    |
| 298   | 0   | 298   | 0    | 0    | 0   | GET    | /assets/logo_white.svg                              | 0.000 | 0.000 | 0.000    | 0.000 | 0.000 | 0.000 | 0.000 | 0.000  | 3285.000   | 3285.000   | 978930.000    | 3285.000   |
| 1     | 0   | 1     | 0    | 0    | 0   | GET    | /isu/15063e10-26fc-4dac-ae3a-1f195e0c6c4a/graph     | 0.000 | 0.000 | 0.000    | 0.000 | 0.000 | 0.000 | 0.000 | 0.000  | 528.000    | 528.000    | 528.000       | 528.000    |
| 297   | 0   | 297   | 0    | 0    | 0   | GET    | /assets/logo_orange.svg                             | 0.000 | 0.000 | 0.000    | 0.000 | 0.000 | 0.000 | 0.000 | 0.000  | 3288.000   | 3288.000   | 976536.000    | 3288.000   |
+-------+-----+-------+------+------+-----+--------+-----------------------------------------------------+-------+-------+----------+-------+-------+-------+-------+--------+------------+------------+---------------+------------+
